
(1, 6)(5, 2)
	(7, 8)(3, 6)
		(1, 0)(3, 2)
			(1, 7)(5, 5)
				(8, 6)(6, 0)
			(1, 8)(5, 8)
				(8, 6)(6, 0)
			(2, 6)(6, 0)
				(1, 2)(5, 8)
	(8, 6)(6, 0)
		(1, 0)(3, 2)
			(1, 7)(5, 5)
				(7, 8)(3, 6)
			(1, 8)(5, 8)
				(7, 8)(3, 6)
			(2, 6)(7, 1) p2win
		(1, 2)(5, 8)
			(7, 8)(3, 6)
				(1, 0)(3, 2)
(1, 7)(3, 4)
	(1, 3)(3, 2)
		(1, 8)(5, 8)
			(8, 6)(6, 0)
				(1, 0)(5, 2)
				(1, 2)(3, 8)
		(2, 6)(6, 0)
			(1, 0)(5, 2)
				(7, 8)(3, 6)
				(8, 6)(7, 1)
			(1, 2)(3, 8)
				(1, 6)??
	(1, 5)(3, 6)
		(1, 0)(3, 2)
			(1, 8)(5, 8)
				(8, 6)(6, 0)
			(2, 6)(6, 0)
				(1, 2)(3, 8)
(1, 8)(5, 8)
	(8, 6)(6, 0)
		(1, 0)(3, 2)
			(1, 7)(3, 4)
				(1, 3)(5, 2)
				(1, 5)(3, 6)
			(2, 6)(7, 1) p2win
		(1, 2)(5, 6)
			(7, 0)(5, 2)
				(7, 8)(3, 6)
			(7, 1)(5, 5)
				(7, 8)(3, 6)
			(8, 1)(8, 5)
				(7, 8)(3, 6)
(2, 6)(6, 0)
	(1, 0)(3, 2)
		(1, 7)(5, 5)
			(7, 8)(3, 8)
				(1, 6)(5, 2)
			(8, 6)(7, 1) p2win
		(1, 8)(3, 6)
			(1, 2)(5, 8)
				(8, 6)(7, 1)
	(1, 2)(3, 8)
		(1, 6)(5, 0)
			(7, 1)(3, 5)
				(1, 8)(3, 6)
			(7, 2)(3, 6)
				(1, 0)(3, 2)
			(8, 1)(6, 5)
				(1, 7)(5, 3)
				(1, 8)(5, 6)
		(1, 7)(3, 4)
			(1, 3)(3, 2)
				(1, 8)(5, 8)
			(1, 5)(3, 6)
				(1, 0)(3, 2)